0.000000 0.630000 0.370000
0.000000 0.649000 0.351000
0.000000 0.648000 0.352000
0.000000 0.664000 0.336000
0.000000 0.621000 0.379000
0.000000 0.614000 0.386000
0.000000 0.624000 0.376000
0.000000 0.686000 0.314000
0.000000 0.701000 0.299000
0.000000 0.686000 0.314000
0.000000 0.729000 0.271000
0.000000 0.688000 0.312000
0.000000 0.570000 0.430000
0.000000 0.546000 0.454000
0.000000 0.639000 0.361000
0.000000 0.770000 0.230000
0.000000 0.751000 0.249000
0.000000 0.639000 0.361000
0.000000 0.700000 0.300000
0.000000 0.631000 0.369000
0.000000 0.792000 0.208000
0.000000 0.845000 0.155000
0.000000 0.597000 0.403000
0.000000 0.605000 0.395000
0.000000 0.716000 0.284000
0.000000 0.765000 0.235000
0.000000 0.701000 0.299000
0.000000 0.854000 0.146000
0.000000 0.644000 0.356000
0.000000 0.717000 0.283000
0.000000 0.849000 0.151000
0.000000 0.744000 0.256000
0.000000 0.784000 0.216000
0.000000 0.650000 0.350000
0.000000 0.675000 0.325000
0.000000 0.633000 0.367000
0.000000 0.743000 0.257000
0.000000 0.845000 0.155000
0.000000 0.819000 0.181000
0.000000 0.750000 0.250000
0.000000 0.713000 0.287000
0.000000 0.800000 0.200000
0.000000 0.685000 0.315000
0.000000 0.710000 0.290000
0.000000 0.804000 0.196000
0.000000 0.888000 0.112000
0.000000 0.683000 0.317000
0.000000 0.721000 0.279000
0.000000 0.606000 0.394000
0.000000 0.700000 0.300000
0.000000 0.822000 0.178000
0.000000 0.731000 0.269000
0.000000 0.699000 0.301000
0.000000 0.793000 0.207000
0.000000 0.876000 0.124000
0.000000 0.802000 0.198000
0.000000 0.850000 0.150000
0.000000 0.680000 0.320000
0.000000 0.797000 0.203000
0.000000 0.720000 0.280000
0.000000 0.804000 0.196000
0.000000 0.811000 0.189000
0.000000 0.851000 0.149000
0.000000 0.653000 0.347000
0.000000 0.793000 0.207000
0.000000 0.717000 0.283000
0.000000 0.732000 0.268000
0.000000 0.864000 0.136000
0.000000 0.813000 0.187000
0.000000 0.668000 0.332000
0.000000 0.779000 0.221000
0.000000 0.848000 0.152000
0.000000 0.826000 0.174000
0.000000 0.789000 0.211000
0.000000 0.660000 0.340000
0.000000 0.727000 0.273000
0.000000 0.912000 0.088000
0.000000 0.909000 0.091000
0.000000 0.802000 0.198000
0.000000 0.726000 0.274000
0.000000 0.725000 0.275000
0.000000 0.801000 0.199000
0.000000 0.723000 0.277000
0.000000 0.889000 0.111000
0.000000 0.801000 0.199000
0.000000 0.851000 0.149000
0.000000 0.710000 0.290000
0.000000 0.826000 0.174000
0.000000 0.686000 0.314000
0.000000 0.825000 0.175000
0.000000 0.862000 0.138000
0.000000 0.730000 0.270000
0.000000 0.836000 0.164000
0.000000 0.727000 0.273000
0.000000 0.843000 0.157000
0.000000 0.864000 0.136000
0.000000 0.907000 0.093000
0.000000 0.845000 0.155000
0.000000 0.773000 0.227000
0.000000 0.909000 0.091000
