0.000000 0.734000 0.266000
0.000000 0.705000 0.295000
0.000000 0.811000 0.189000
0.000000 0.753000 0.247000
0.000000 0.765000 0.235000
0.000000 0.771000 0.229000
0.000000 0.833000 0.167000
0.000000 0.754000 0.246000
0.000000 0.778000 0.222000
0.000000 0.682000 0.318000
0.000000 0.810000 0.190000
0.000000 0.693000 0.307000
0.000000 0.765000 0.235000
0.000000 0.754000 0.246000
0.000000 0.826000 0.174000
0.000000 0.793000 0.207000
0.000000 0.837000 0.163000
0.000000 0.731000 0.269000
0.000000 0.742000 0.258000
0.000000 0.857000 0.143000
0.000000 0.815000 0.185000
0.000000 0.784000 0.216000
0.000000 0.822000 0.178000
0.000000 0.745000 0.255000
0.000000 0.687000 0.313000
0.000000 0.699000 0.301000
0.000000 0.692000 0.308000
0.000000 0.862000 0.138000
0.000000 0.783000 0.217000
0.000000 0.756000 0.244000
0.000000 0.822000 0.178000
0.000000 0.733000 0.267000
0.000000 0.810000 0.190000
0.000000 0.716000 0.284000
0.000000 0.704000 0.296000
0.000000 0.707000 0.293000
0.000000 0.799000 0.201000
0.000000 0.722000 0.278000
0.000000 0.772000 0.228000
0.000000 0.747000 0.253000
0.000000 0.839000 0.161000
0.000000 0.742000 0.258000
0.000000 0.729000 0.271000
0.000000 0.786000 0.214000
0.000000 0.721000 0.279000
0.000000 0.732000 0.268000
0.000000 0.728000 0.272000
0.000000 0.769000 0.231000
0.000000 0.782000 0.218000
0.000000 0.741000 0.259000
0.000000 0.700000 0.300000
0.000000 0.759000 0.241000
0.000000 0.708000 0.292000
0.000000 0.690000 0.310000
0.000000 0.731000 0.269000
0.000000 0.743000 0.257000
0.000000 0.784000 0.216000
0.000000 0.713000 0.287000
0.000000 0.774000 0.226000
0.000000 0.736000 0.264000
0.000000 0.784000 0.216000
0.000000 0.798000 0.202000
0.000000 0.866000 0.134000
0.000000 0.696000 0.304000
0.000000 0.725000 0.275000
0.000000 0.766000 0.234000
0.000000 0.779000 0.221000
0.000000 0.702000 0.298000
0.000000 0.728000 0.272000
0.000000 0.743000 0.257000
0.000000 0.730000 0.270000
0.000000 0.767000 0.233000
0.000000 0.684000 0.316000
0.000000 0.781000 0.219000
0.000000 0.722000 0.278000
0.000000 0.753000 0.247000
0.000000 0.738000 0.262000
0.000000 0.700000 0.300000
0.000000 0.802000 0.198000
0.000000 0.721000 0.279000
0.000000 0.769000 0.231000
0.000000 0.782000 0.218000
0.000000 0.784000 0.216000
0.000000 0.796000 0.204000
0.000000 0.778000 0.222000
0.000000 0.832000 0.168000
0.000000 0.712000 0.288000
0.000000 0.718000 0.282000
0.000000 0.811000 0.189000
0.000000 0.701000 0.299000
0.000000 0.791000 0.209000
0.000000 0.743000 0.257000
0.000000 0.711000 0.289000
0.000000 0.706000 0.294000
0.000000 0.752000 0.248000
0.000000 0.817000 0.183000
0.000000 0.777000 0.223000
0.000000 0.793000 0.207000
0.000000 0.738000 0.262000
0.000000 0.722000 0.278000
