0.000000 0.687000 0.313000
0.000000 0.645000 0.355000
0.000000 0.682000 0.318000
0.000000 0.691000 0.309000
0.000000 0.671000 0.329000
0.000000 0.736000 0.264000
0.000000 0.702000 0.298000
0.000000 0.688000 0.312000
0.000000 0.803000 0.197000
0.000000 0.781000 0.219000
0.000000 0.704000 0.296000
0.000000 0.735000 0.265000
0.000000 0.782000 0.218000
0.000000 0.706000 0.294000
0.000000 0.797000 0.203000
0.000000 0.703000 0.297000
0.000000 0.769000 0.231000
0.000000 0.709000 0.291000
0.000000 0.705000 0.295000
0.000000 0.719000 0.281000
0.000000 0.744000 0.256000
0.000000 0.671000 0.329000
0.000000 0.735000 0.265000
0.000000 0.734000 0.266000
0.000000 0.766000 0.234000
0.000000 0.646000 0.354000
0.000000 0.716000 0.284000
0.000000 0.760000 0.240000
0.000000 0.683000 0.317000
0.000000 0.700000 0.300000
0.000000 0.892000 0.108000
0.000000 0.774000 0.226000
0.000000 0.714000 0.286000
0.000000 0.656000 0.344000
0.000000 0.798000 0.202000
0.000000 0.695000 0.305000
0.000000 0.720000 0.280000
0.000000 0.724000 0.276000
0.000000 0.774000 0.226000
0.000000 0.668000 0.332000
0.000000 0.667000 0.333000
0.000000 0.763000 0.237000
0.000000 0.758000 0.242000
0.000000 0.692000 0.308000
0.000000 0.758000 0.242000
0.000000 0.790000 0.210000
0.000000 0.759000 0.241000
0.000000 0.722000 0.278000
0.000000 0.802000 0.198000
0.000000 0.673000 0.327000
0.000000 0.775000 0.225000
0.000000 0.767000 0.233000
0.000000 0.880000 0.120000
0.000000 0.686000 0.314000
0.000000 0.761000 0.239000
0.000000 0.731000 0.269000
0.000000 0.634000 0.366000
0.000000 0.873000 0.127000
0.000000 0.692000 0.308000
0.000000 0.797000 0.203000
0.000000 0.743000 0.257000
0.000000 0.659000 0.341000
0.000000 0.692000 0.308000
0.000000 0.706000 0.294000
0.000000 0.701000 0.299000
0.000000 0.709000 0.291000
0.000000 0.883000 0.117000
0.000000 0.710000 0.290000
0.000000 0.777000 0.223000
0.000000 0.891000 0.109000
0.000000 0.711000 0.289000
0.000000 0.837000 0.163000
0.000000 0.654000 0.346000
0.000000 0.739000 0.261000
0.000000 0.698000 0.302000
0.000000 0.711000 0.289000
0.000000 0.765000 0.235000
0.000000 0.753000 0.247000
0.000000 0.769000 0.231000
0.000000 0.733000 0.267000
0.000000 0.660000 0.340000
0.000000 0.707000 0.293000
0.000000 0.857000 0.143000
0.000000 0.673000 0.327000
0.000000 0.726000 0.274000
0.000000 0.758000 0.242000
0.000000 0.666000 0.334000
0.000000 0.739000 0.261000
0.000000 0.793000 0.207000
0.000000 0.760000 0.240000
0.000000 0.693000 0.307000
0.000000 0.766000 0.234000
0.000000 0.691000 0.309000
0.000000 0.736000 0.264000
0.000000 0.750000 0.250000
0.000000 0.756000 0.244000
0.000000 0.755000 0.245000
0.000000 0.694000 0.306000
0.000000 0.769000 0.231000
0.000000 0.862000 0.138000
