0.000000 0.721000 0.279000
0.000000 0.736000 0.264000
0.000000 0.804000 0.196000
0.000000 0.737000 0.263000
0.000000 0.758000 0.242000
0.000000 0.735000 0.265000
0.000000 0.680000 0.320000
0.000000 0.751000 0.249000
0.000000 0.688000 0.312000
0.000000 0.759000 0.241000
0.000000 0.719000 0.281000
0.000000 0.767000 0.233000
0.000000 0.666000 0.334000
0.000000 0.720000 0.280000
0.000000 0.771000 0.229000
0.000000 0.681000 0.319000
0.000000 0.779000 0.221000
0.000000 0.785000 0.215000
0.000000 0.692000 0.308000
0.000000 0.765000 0.235000
0.000000 0.687000 0.313000
0.000000 0.722000 0.278000
0.000000 0.726000 0.274000
0.000000 0.697000 0.303000
0.000000 0.772000 0.228000
0.000000 0.687000 0.313000
0.000000 0.812000 0.188000
0.000000 0.721000 0.279000
0.000000 0.751000 0.249000
0.000000 0.725000 0.275000
0.000000 0.702000 0.298000
0.000000 0.812000 0.188000
0.000000 0.716000 0.284000
0.000000 0.752000 0.248000
0.000000 0.783000 0.217000
0.000000 0.766000 0.234000
0.000000 0.698000 0.302000
0.000000 0.736000 0.264000
0.000000 0.814000 0.186000
0.000000 0.821000 0.179000
0.000000 0.763000 0.237000
0.000000 0.677000 0.323000
0.000000 0.831000 0.169000
0.000000 0.755000 0.245000
0.000000 0.682000 0.318000
0.000000 0.714000 0.286000
0.000000 0.803000 0.197000
0.000000 0.707000 0.293000
0.000000 0.767000 0.233000
0.000000 0.716000 0.284000
0.000000 0.719000 0.281000
0.000000 0.765000 0.235000
0.000000 0.744000 0.256000
0.000000 0.799000 0.201000
0.000000 0.765000 0.235000
0.000000 0.711000 0.289000
0.000000 0.689000 0.311000
0.000000 0.730000 0.270000
0.000000 0.632000 0.368000
0.000000 0.716000 0.284000
0.000000 0.748000 0.252000
0.000000 0.718000 0.282000
0.000000 0.729000 0.271000
0.000000 0.708000 0.292000
0.000000 0.778000 0.222000
0.000000 0.750000 0.250000
0.000000 0.770000 0.230000
0.000000 0.683000 0.317000
0.000000 0.798000 0.202000
0.000000 0.768000 0.232000
0.000000 0.768000 0.232000
0.000000 0.830000 0.170000
0.000000 0.727000 0.273000
0.000000 0.716000 0.284000
0.000000 0.693000 0.307000
0.000000 0.777000 0.223000
0.000000 0.733000 0.267000
0.000000 0.732000 0.268000
0.000000 0.715000 0.285000
0.000000 0.724000 0.276000
0.000000 0.812000 0.188000
0.000000 0.720000 0.280000
0.000000 0.751000 0.249000
0.000000 0.677000 0.323000
0.000000 0.715000 0.285000
0.000000 0.673000 0.327000
0.000000 0.672000 0.328000
0.000000 0.720000 0.280000
0.000000 0.831000 0.169000
0.000000 0.786000 0.214000
0.000000 0.733000 0.267000
0.000000 0.724000 0.276000
0.000000 0.695000 0.305000
0.000000 0.817000 0.183000
0.000000 0.782000 0.218000
0.000000 0.834000 0.166000
0.000000 0.735000 0.265000
0.000000 0.679000 0.321000
0.000000 0.711000 0.289000
0.000000 0.796000 0.204000
